date,active_users,signup_count,new_participants_first_ad,reward_points_total,reward_events_total,withdrawal_count_total,withdrawal_points_total,giftcard_order_count_total,giftcard_point_amount_total,giftcard_purchase_amount_total,giftcard_sell_price_total,giftcard_margin_vs_point_total,supabase_ad_revenue_usd,supabase_ad_revenue_krw,supabase_ad_event_count,adpopcorn_revenue_usd,adpopcorn_revenue_krw,adpopcorn_request_count,adpopcorn_response_count,adpopcorn_impression_count,adpopcorn_click_count,adpopcorn_fill_rate,adpopcorn_ecpm,preferred_revenue_usd,preferred_revenue_krw,reward_points_egg,reward_events_egg,reward_points_card_game,reward_events_card_game,reward_points_vault_game,reward_events_vault_game,reward_points_bonus_cash,reward_events_bonus_cash,reward_points_check_in_mission,reward_events_check_in_mission,withdrawal_count_pending,withdrawal_points_pending,withdrawal_count_completed,withdrawal_points_completed,withdrawal_count_rejected,withdrawal_points_rejected,adpopcorn_revenue_usd_rv,adpopcorn_revenue_krw_rv,adpopcorn_impression_count_rv,adpopcorn_fill_rate_rv,adpopcorn_ecpm_rv,adpopcorn_revenue_usd_iv,adpopcorn_revenue_krw_iv,adpopcorn_impression_count_iv,adpopcorn_fill_rate_iv,adpopcorn_ecpm_iv,adpopcorn_revenue_usd_banner,adpopcorn_revenue_krw_banner,adpopcorn_impression_count_banner,adpopcorn_fill_rate_banner,adpopcorn_ecpm_banner
2026-04-14,938,31,23,50287,8785,11,32000,0,0,0,0,0,20.374024,28180,8760,0.128774,178,863,347,154,73,17.84,0.8362,0.128774,178,50074,8718,118,31,78,32,13,2,4,2,11,32000,0,0,0,0,0.040274,56,47,16.73,0.8569,0.072640,100,77,16.08,0.9434,0.015860,22,30,29.13,0.5287
2026-04-15,898,21,18,45788,8206,5,12000,0,0,0,0,0,21.949840,30359,8319,0.305748,423,1309,23,325,188,24.83,0.9408,0.305748,423,45767,8199,9,3,8,3,4,1,0,0,5,12000,0,0,0,0,0.112219,155,125,28.09,0.8978,0.193529,268,200,23.28,0.9676,0,0,0,0.00,0
2026-04-16,901,34,29,37802,11249,5,17000,5,12500,11850,12000,650,1.801225,2491,353,25.362987,35080,48439,19747,15500,2974,32.00,1.6363,25.362987,35080,22260,7214,4532,1065,6791,1625,3752,878,467,467,4,14000,0,0,1,3000,12.744653,17627,4039,29.30,3.1554,12.258080,16954,7125,25.52,1.7204,0.360254,498,4336,64.38,0.0831
2026-04-17,945,28,22,39231,11744,4,12000,3,5200,4560,4700,640,,,,26.248853,36305,40350,21825,16733,1428,41.47,1.5687,26.248853,36305,24360,8187,3944,945,6286,1385,4212,920,429,307,4,12000,0,0,0,0,12.505827,17297,3526,33.19,3.5467,13.432805,18579,7279,32.96,1.8454,0.310221,429,5928,77.58,0.0523
2026-04-18,913,23,21,39294,11619,1,3000,4,8000,7820,8000,180,,,,26.737453,36981,37212,22486,16595,1460,44.60,1.6112,26.737453,36981,24587,8004,4039,911,5441,1307,4188,932,1039,465,1,3000,0,0,0,0,11.498610,15904,3580,33.29,3.2119,14.961915,20694,7273,37.89,2.0572,0.276928,383,5742,79.07,0.0482
2026-04-19,911,24,16,38172,11485,2,6000,5,12500,11830,12000,670,,,,28.863922,39922,34984,20290,15101,1699,43.17,1.9114,28.863922,39922,24421,8155,3985,901,5215,1227,3845,896,706,306,2,6000,0,0,0,0,12.392221,17140,3404,34.80,3.6405,16.232820,22452,7406,40.17,2.1918,0.238881,330,4291,63.43,0.0557
2026-04-20,912,22,20,38588,11333,0,0,3,8500,7920,8000,580,,,,25.495984,35264,43808,19676,14551,1745,33.22,1.7522,25.495984,35264,23895,7957,3884,880,5159,1163,4166,903,1484,430,0,0,0,0,0,0,9.077825,12556,3347,27.16,2.7122,16.180309,22379,7561,30.00,2.1400,0.237850,329,3643,57.96,0.0653
2026-04-21,886,34,49,37201,10957,3,13000,2,3000,2400,2500,600,,,,27.400300,37898,60017,18292,14661,2127,24.43,1.8689,27.400300,37898,23445,7813,3743,837,4904,1127,4173,896,936,284,0,0,3,13000,0,0,10.195554,14102,3481,20.22,2.9289,16.968677,23470,7557,20.57,2.2454,0.236069,327,3623,59.74,0.0652
2026-04-22,940,66,71,40126,11636,5,17000,3,5000,3960,4000,1040,,,,28.524261,39452,61482,19789,15203,1892,24.73,1.8762,28.524261,39452,24693,8178,3622,880,5407,1201,4289,955,2115,422,2,8000,0,0,3,9000,10.332849,14292,3636,19.22,2.8418,17.941882,24816,7767,21.51,2.3100,0.249530,345,3800,58.75,0.0657
2026-04-23,961,79,51,39193,11663,1,3000,6,14500,12850,13200,1650,,,,30.984222,42855,60074,20586,15577,1818,25.93,1.9891,30.984222,42855,24401,8172,3621,853,5330,1193,4761,993,1080,452,1,3000,0,0,0,0,12.609074,17440,3706,20.29,3.4023,18.115959,25057,7947,22.55,2.2796,0.259189,358,3924,59.75,0.0661
2026-04-24,942,69,68,39618,11589,0,0,0,0,0,0,0,,,,30.217773,41795,75284,20123,15156,1747,20.13,1.9938,30.217773,41795,24551,8161,4308,950,5255,1209,4809,958,695,311,0,0,0,0,0,0,11.850982,16391,3614,17.35,3.2792,18.122172,25065,7798,16.26,2.3240,0.244619,338,3744,57.53,0.0653
2026-04-25,963,94,65,38270,11593,2,6000,3,5000,3910,4000,1090,,,,32.035847,44309,82942,20415,15464,1695,18.64,2.0716,32.035847,44309,24214,8179,3749,843,4859,1164,4273,955,1175,452,2,6000,0,0,0,0,11.853008,16394,3698,15.46,3.2052,19.926857,27561,8072,15.40,2.4686,0.255982,354,3694,56.05,0.0693
2026-04-26,991,88,72,40429,12026,0,0,4,17000,16890,17000,110,,,,32.152423,44471,78952,21670,16779,1793,21.25,1.9162,32.152423,44471,26027,8642,3762,863,5405,1175,4297,990,938,356,0,0,0,0,0,0,12.138921,16790,3561,15.73,3.4089,19.702586,27251,8193,16.63,2.4048,0.310916,430,5025,71.18,0.0619
2026-04-27,965,66,61,38752,11678,2,6000,2,5000,4950,5000,50,,,,30.122853,41663,98203,21181,16478,1947,16.78,1.8281,30.122853,41663,24466,8261,3675,887,5043,1174,4158,963,1410,393,2,6000,0,0,0,0,11.635069,16093,3747,13.00,3.1052,18.245654,25236,8077,12.95,2.2590,0.242130,335,4654,66.54,0.0520
2026-04-28,965,67,45,39196,11482,2,6000,1,1500,990,1000,510,,,,28.117016,38889,106457,19456,15077,2046,14.16,1.8649,28.117016,38889,25293,8195,3336,854,4983,1131,4427,952,1157,350,2,6000,0,0,0,0,11.110830,15368,3527,11.34,3.1502,16.810347,23251,7975,11.56,2.1079,0.195839,271,3575,56.15,0.0548
2026-04-29,952,39,28,38277,11276,5,19000,5,19500,17720,18000,1780,,,,26.458951,36596,120691,19341,15374,2105,12.74,1.7210,26.458951,36596,23989,8041,3655,834,4534,1063,4337,945,1762,393,5,19000,0,0,0,0,10.228478,14147,3513,11.05,2.9116,16.032246,22174,8045,9.76,1.9928,0.198227,274,3816,59.19,0.0519
2026-04-30,908,51,48,35930,10845,2,6000,4,9800,9610,9800,190,,,,24.766304,34255,118272,18834,14840,1866,12.55,1.6689,24.766304,34255,22553,7660,3652,828,4677,1102,4111,875,937,380,2,6000,0,0,0,0,9.992946,13821,3286,11.16,3.0411,14.601852,20196,7400,8.97,1.9732,0.171506,237,4154,65.42,0.0413
2026-05-01,934,52,46,37457,11119,7,21000,2,4500,3960,4000,540,,,,26.113030,36117,117984,18501,14632,1917,12.40,1.7847,26.113030,36117,24086,7906,3531,863,4814,1129,4216,887,810,334,7,21000,0,0,0,0,9.695881,13411,3400,11.12,2.8517,16.241773,22464,7770,9.57,2.0903,0.175376,243,3462,55.97,0.0507
2026-05-02,911,47,39,36005,10966,1,3000,3,8500,7770,8000,730,,,,24.907450,34450,117217,18199,14196,1972,12.11,1.7545,24.907450,34450,22493,7718,3615,868,4946,1122,3917,892,1034,366,1,3000,0,0,0,0,9.540639,13196,3376,11.04,2.8260,15.221044,21052,7569,9.41,2.0110,0.145767,202,3251,52.49,0.0448
2026-05-03,929,41,47,36164,10984,3,9000,5,10100,9630,10100,470,,,,25.747125,35611,119387,18182,14296,2005,11.97,1.8010,25.747125,35611,22957,7833,3636,833,4633,1085,4024,901,914,332,3,9000,0,0,0,0,9.697134,13412,3422,11.15,2.8338,15.927482,22030,7827,9.48,2.0349,0.122509,169,3047,49.93,0.0402
2026-05-04,906,37,27,37473,11031,5,17000,1,3000,2970,3000,30,,,,24.123951,33366,112154,18009,14223,1867,12.68,1.6961,24.123951,33366,23507,7779,3535,865,5084,1086,4128,911,1219,390,5,17000,0,0,0,0,8.899266,12309,3302,10.82,2.6951,15.092445,20875,7631,10.07,1.9778,0.132240,183,3290,56.01,0.0402
2026-05-05,915,35,28,36600,10860,3,9000,3,7000,6830,7000,170,,,,24.249016,33539,117074,18593,14589,1731,12.46,1.6621,24.249016,33539,23321,7800,3881,832,4486,1070,3901,853,1011,305,3,9000,0,0,0,0,9.410034,13015,3338,11.48,2.8191,14.690255,20318,7621,9.32,1.9276,0.148727,206,3630,58.08,0.0410
2026-05-06,864,25,20,36032,10692,3,9000,3,5300,4660,4800,640,,,,23.455665,32442,90244,18004,14356,1773,15.91,1.6339,23.455665,32442,22746,7578,3427,812,4570,1067,3664,860,1625,375,3,9000,0,0,0,0,8.861858,12257,3097,11.59,2.8614,14.439459,19971,7386,12.84,1.9550,0.154348,213,3873,64.56,0.0399
2026-05-07,839,19,10,34365,10338,3,9000,3,8000,7920,8000,80,,,,30.679991,42434,74371,15458,18351,1349,24.67,1.6718,30.679991,42434,21409,7277,3641,802,4483,1034,3875,865,957,360,3,9000,0,0,0,0,11.106762,15362,3516,15.86,3.1589,19.229537,26597,7987,17.37,2.4076,0.343692,475,6848,109.81,0.0502
2026-05-08,859,26,42,34149,10288,1,3000,3,8000,7920,8000,80,,,,36.806864,50908,20674,391,21275,8,102.91,1.7301,36.806864,50908,21794,7355,3410,766,4219,997,3843,844,883,326,1,3000,0,0,0,0,13.608810,18823,3223,64.65,4.2224,22.533582,31167,7579,67.45,2.9732,0.664472,919,10473,235.19,0.0634
2026-05-09,877,36,46,36465,10752,2,6000,3,7000,6930,7000,70,,,,39.671471,54870,20571,66,19045,1,92.58,2.0830,39.671471,54870,22673,7531,3743,873,5045,1102,3984,887,1020,359,2,6000,0,0,0,0,16.637212,23011,3586,64.73,4.6395,22.346189,30907,7728,75.48,2.8916,0.688070,952,7731,161.33,0.0890
2026-05-10,926,68,65,36767,11099,6,20000,2,4500,3960,4000,540,,,,42.107954,58240,21571,45,18489,2,85.71,2.2775,42.107954,58240,23078,7871,3813,862,4731,1093,4037,904,1108,369,6,20000,0,0,0,0,15.844640,21915,3627,61.81,4.3685,25.640104,35463,8053,75.59,3.1839,0.623210,862,6809,134.83,0.0915
2026-05-11,932,74,58,38987,11698,8,24000,4,13800,13590,13800,210,,,,41.109220,56859,23045,66,19050,,82.66,2.1580,41.109220,56859,24942,8333,3677,889,5062,1151,4056,919,1250,406,8,24000,0,0,0,0,16.401139,22685,3682,59.50,4.4544,24.097976,33330,8300,72.79,2.9034,0.610105,844,7068,129.57,0.0863
2026-05-12,970,78,73,39157,11569,7,21000,2,3600,3380,3600,220,,,,44.241952,61192,22159,6,19703,,88.92,2.2454,44.241952,61192,25007,8275,3914,884,4856,1121,4243,944,1137,345,3,9000,4,12000,0,0,16.658916,23041,3646,62.96,4.5691,26.970952,37304,8534,76.46,3.1604,0.612084,847,7523,144.51,0.0814
2026-05-13,940,120,75,39381,11399,4,12000,3,5300,4550,4800,750,,,,39.245810,54282,22790,32,18557,,81.43,2.1149,39.245810,54282,24346,8032,3855,883,5553,1158,4103,928,1524,398,4,12000,0,0,0,0,15.693413,21706,3739,61.67,4.1972,23.012797,31829,8234,72.30,2.7949,0.539600,746,6584,123.34,0.0820
2026-05-14,976,84,81,38590,11538,5,15000,9,24500,23460,24000,1040,,,,42.584182,58899,22487,4,18957,1,84.30,2.2464,42.584182,58899,24457,8137,3860,919,5083,1165,4154,947,1036,370,5,15000,0,0,0,0,16.244370,22468,3805,63.63,4.2692,25.728062,35585,8384,74.98,3.0687,0.611750,846,6768,127.10,0.0904
2026-05-15,985,105,93,39799,11687,6,20000,2,4500,3960,4000,540,,,,43.983603,60834,23157,60,19048,1,82.26,2.3091,43.983603,60834,25049,8214,4079,949,5348,1240,4327,924,996,360,6,20000,0,0,0,0,19.462528,26919,3880,62.29,5.0161,23.978662,33165,8429,73.91,2.8448,0.542413,750,6739,121.99,0.0805
2026-05-16,950,99,66,37432,11281,3,9000,1,2000,1980,2000,20,,,,48.676275,67325,22477,2,18494,2,82.28,2.6320,48.676275,67325,23508,7958,3968,889,4959,1169,3884,899,1113,366,3,9000,0,0,0,0,20.400448,28216,3701,60.78,5.5121,27.697759,38309,8166,73.72,3.3918,0.578068,800,6627,124.78,0.0872
2026-05-17,989,95,97,38794,11567,4,12000,2,5000,4950,5000,50,,,,48.367609,66898,24025,31,20084,2,83.60,2.4083,48.367609,66898,23689,8048,4343,949,5398,1261,4198,943,1166,366,4,12000,0,0,0,0,18.742349,25923,3935,64.93,4.7630,29.060525,40194,8973,75.06,3.2387,0.564735,781,7176,119.40,0.0787
2026-05-18,985,92,65,39444,11855,4,12000,3,5500,4850,5000,650,,,,44.435391,61459,23643,35,18980,2,80.28,2.3412,44.435391,61459,25314,8384,4008,917,4727,1202,4321,965,1074,387,4,12000,0,0,0,0,18.077032,25003,3873,60.54,4.6674,25.848358,35751,8613,73.74,3.0011,0.510001,705,6494,116.67,0.0785
2026-05-19,980,78,67,39634,11715,2,6000,5,10900,10580,10900,320,,,,45.529643,62973,22958,37,18479,1,80.49,2.4639,45.529643,62973,24984,8303,3736,923,5326,1211,4509,942,1079,336,2,6000,0,0,0,0,18.316712,25334,3857,62.01,4.7490,26.779715,37039,8516,75.33,3.1446,0.433216,599,6106,112.39,0.0709
2026-05-20,988,66,55,41698,12142,6,18000,1,1700,1590,1700,110,,,,42.139288,58284,23603,36,19925,,84.42,2.1149,42.139288,58284,25674,8467,4086,991,5989,1251,4446,1008,1503,425,6,18000,0,0,0,0,18.245368,25235,4125,62.54,4.4231,23.438899,32419,8715,76.35,2.6895,0.455021,629,7085,126.70,0.0642
2026-05-21,981,80,62,39643,11843,3,11000,6,14000,12820,13000,1180,,,,42.183117,58344,23951,31,20599,1,86.00,2.0478,42.183117,58344,24632,8267,3935,961,5695,1252,4325,981,1056,382,3,11000,0,0,0,0,18.136948,25086,4051,61.82,4.4772,23.523705,32536,8519,72.57,2.7613,0.522464,723,8029,141.88,0.0651
2026-05-22,943,63,52,42766,11213,3,9000,3,6800,6640,6800,160,,,,42.461064,58729,22688,28,19627,1,86.51,2.1634,42.461064,58729,29960,7805,3438,921,4653,1174,3636,971,1079,342,3,9000,0,0,0,0,27.379999,37870,6839,76.49,4.0035,14.569391,20151,5183,62.79,2.8110,0.511674,708,7605,138.45,0.0673
2026-05-23,917,66,50,43149,10799,5,15000,7,14000,12770,13000,1230,,,,42.496224,58777,21743,34,18882,,86.84,2.2506,42.496224,58777,33507,7489,2587,908,3351,1133,2626,904,1078,365,5,15000,0,0,0,0,35.055966,48487,8104,76.68,4.3258,6.940468,9599,3568,62.01,1.9452,0.499790,691,7210,133.00,0.0693
2026-05-24,943,68,51,42849,10744,1,3000,4,8000,6930,7000,1070,,,,38.116376,52719,21303,32,19626,,92.13,1.9421,38.116376,52719,33307,7425,2576,934,3236,1169,2543,880,1187,336,1,3000,0,0,0,0,30.434525,42095,7973,76.51,3.8172,7.174804,9924,3600,64.33,1.9930,0.507047,701,8053,152.35,0.0630
2026-05-25,998,147,113,45558,11180,4,12000,4,7000,5890,6000,1110,,,,44.227238,61171,23007,29,20597,1,89.52,2.1473,44.227238,61171,35688,7708,2768,941,3440,1234,2603,918,1059,379,4,12000,0,0,0,0,33.993736,47017,8309,74.08,4.0912,9.567012,13232,3744,61.31,2.5553,0.666490,922,8544,150.34,0.0780
2026-05-26,1023,149,118,40443,11772,5,15000,4,7800,7630,7800,170,,,,49.004556,67779,24094,27,21183,,87.92,2.3134,49.004556,67779,28060,8238,3233,980,4589,1258,3579,960,982,336,5,15000,0,0,0,0,26.232767,36283,4831,58.91,5.4301,22.042641,30488,7680,76.48,2.8701,0.729148,1008,8672,148.21,0.0841
2026-05-27,1038,138,112,41812,12242,7,25000,3,6500,6210,6500,290,,,,57.042489,78896,23067,2,20415,,88.50,2.7941,57.042489,78896,25756,8541,4380,981,5623,1299,4681,1016,1372,405,7,25000,0,0,0,0,21.855031,30228,4073,64.78,5.3658,34.593006,47846,8742,77.58,3.9571,0.594452,822,7600,137.88,0.0782
2026-05-28,1084,142,132,42884,12731,2,6000,3,5500,4900,5000,600,,,,72.904974,100836,24843,24,21609,,86.98,3.3738,72.904974,100836,26368,8869,4579,1038,5872,1364,4943,1030,1122,430,2,6000,0,0,0,0,30.411489,42063,4210,61.46,7.2236,41.888225,57936,9103,75.39,4.6016,0.605260,837,8296,140.16,0.0730
2026-05-29,1053,135,117,42449,12434,3,9000,4,7000,6310,6500,690,,,,50.810858,70277,23987,,21803,,90.90,2.3305,50.810858,70277,26334,8717,4606,993,5705,1334,4662,1024,1142,366,3,9000,0,0,0,0,19.543991,27032,4061,62.96,4.8126,30.688298,42446,8936,75.53,3.4342,0.578569,800,8806,154.33,0.0657
2026-05-30,1050,149,108,41926,12337,2,8000,3,12000,11880,12000,120,,,,55.399959,76625,23619,,20974,,88.80,2.6414,55.399959,76625,26121,8634,4194,994,5753,1307,4608,986,1250,416,2,8000,0,0,0,0,22.994351,31804,4048,63.30,5.6804,31.829287,44024,8669,74.65,3.6716,0.576321,797,8257,147.16,0.0698
2026-05-31,1083,170,129,43083,12823,5,15000,2,3000,1980,2000,1020,,,,56.066032,77546,25039,2,22055,,88.08,2.5421,56.066032,77546,26478,8827,4594,1084,6350,1469,4476,1040,1185,403,5,15000,0,0,0,0,22.063362,30516,4283,61.68,5.1514,33.418888,46222,9139,75.94,3.6567,0.583782,807,8633,142.44,0.0676
2026-06-01,1070,104,84,42002,12502,9,29000,2,4500,3960,4000,540,,,,52.639566,72807,24652,2,21998,,89.23,2.3929,52.639566,72807,25892,8681,4438,1031,5816,1330,4588,1045,1268,415,9,29000,0,0,0,0,20.989470,29031,4219,61.87,4.9750,30.891825,42727,8895,74.03,3.4729,0.758271,1049,8884,152.70,0.0854
2026-06-02,1088,182,108,43589,12542,3,11000,3,5000,3960,4000,1040,,,,67.881639,93888,28338,2,30995,,109.38,2.1901,67.881639,93888,26336,8556,4708,1049,7210,1651,3990,902,1345,384,3,11000,0,0,0,0,24.551986,33958,4335,64.80,5.6637,41.195283,56978,8837,72.89,4.6617,2.134370,2952,17823,187.14,0.1198
2026-06-03,1083,165,116,46333,13261,6,20000,4,10500,10320,10500,180,,,,62.218607,86056,33859,,33431,,98.74,1.8611,62.218607,86056,26304,8697,5256,1188,8480,1927,4695,973,1598,476,6,20000,0,0,0,0,23.775997,32885,4925,61.42,4.8276,35.527563,49139,8959,72.43,3.9656,2.915047,4032,19547,145.09,0.1491
2026-06-04,1063,147,85,44994,13282,2,6000,0,0,0,0,0,,,,67.846763,93840,33170,,32357,,97.55,2.0968,67.846763,93840,26215,8791,4949,1155,8142,1911,4514,1020,1174,405,2,6000,0,0,0,0,26.601592,36793,4861,62.22,5.4725,38.871753,53764,9053,76.09,4.2938,2.373418,3283,18443,137.01,0.1287
2026-06-05,1010,42,32,44287,12870,4,16000,4,8000,7920,8000,80,,,,54.508858,75392,31697,,27446,,86.59,1.9860,54.508858,75392,25536,8539,5020,1133,8027,1823,4343,974,1361,401,4,16000,0,0,0,0,22.224944,30740,4636,62.53,4.7940,31.081688,42990,8780,76.92,3.5401,1.202226,1663,14030,109.02,0.0857
2026-06-06,1020,53,54,43594,12697,3,9000,1,2000,1980,2000,20,,,,50.874000,70365,31372,,31936,,101.80,1.5930,50.874000,70365,25277,8420,5040,1136,7709,1769,4244,965,1324,407,3,9000,0,0,0,0,18.307538,25321,4591,63.05,3.9877,31.360140,43375,8649,76.76,3.6259,1.206322,1668,18696,145.80,0.0645
2026-06-07,1047,64,54,44913,13205,7,21000,4,9500,8510,9000,990,,,,49.354155,68263,32343,2,32437,,100.29,1.5215,49.354155,68263,25888,8790,4571,1151,8473,1869,4591,969,1390,426,7,21000,0,0,0,0,20.038542,27716,4823,64.08,4.1548,28.230864,39047,9066,78.09,3.1139,1.084749,1500,18548,140.45,0.0585
2026-06-08,1023,49,44,43748,12857,7,28000,2,3800,3570,3800,230,,,,50.260411,69516,32068,,32458,,101.22,1.5485,50.260411,69516,25768,8572,4705,1135,7431,1781,4517,969,1327,400,7,28000,0,0,0,0,19.520141,26999,4635,62.37,4.2115,29.562268,40888,8857,76.31,3.3377,1.178002,1629,18966,145.55,0.0621
2026-06-09,1052,104,81,44823,13129,3,9000,3,10000,9900,10000,100,,,,58.090632,80346,31923,,29217,,91.52,1.9882,58.090632,80346,26271,8763,4869,1128,7989,1849,4233,952,1461,437,3,9000,0,0,0,0,22.404727,30988,4715,64.32,4.7518,34.503009,47722,9104,79.39,3.7899,1.182896,1636,15398,117.32,0.0768
2026-06-10,1047,69,70,44933,13093,8,26000,5,10500,9650,10000,850,,,,58.313439,80654,32234,1,29359,,91.08,1.9862,58.313439,80654,26562,8757,4776,1160,7887,1799,4324,966,1384,411,8,26000,0,0,0,0,19.411568,26848,4684,62.59,4.1442,37.450526,51798,9073,78.24,4.1277,1.451345,2007,15602,118.62,0.0930
2026-06-11,1196,184,175,48962,14419,6,20000,2,4500,3960,4000,540,,,,71.858882,99389,35689,,32236,,90.32,2.2292,71.858882,99389,29463,9749,5458,1240,8493,1996,4126,965,1422,469,6,20000,0,0,0,0,26.244971,36300,5055,62.94,5.1919,44.099131,60994,10101,77.69,4.3658,1.514780,2095,17080,116.53,0.0887
2026-06-12,1312,279,249,50719,14907,5,17000,2,4500,3810,4000,690,,,,92.277718,127631,36781,1,39574,,107.59,2.3318,92.277718,127631,30512,10114,5496,1284,8889,2084,4458,965,1364,460,5,17000,0,0,0,0,33.647640,46539,5189,63.44,6.4844,56.453547,78082,10432,78.17,5.4116,2.176531,3010,23953,157.01,0.0909
2026-06-13,1346,325,294,51765,15354,6,18000,2,5000,4850,5000,150,,,,95.555266,132164,39296,,40312,,102.59,2.3704,95.555266,132164,30957,10304,5889,1415,9070,2196,4369,968,1480,471,6,18000,0,0,0,0,34.361584,47526,5470,63.19,6.2818,58.489755,80898,10670,75.22,5.4817,2.703927,3740,24172,146.91,0.1119
2026-06-14,1438,309,276,53748,16162,4,12000,2,7000,6950,7000,50,,,,105.508336,145930,40207,,41599,,103.46,2.5363,105.508336,145930,31765,10886,6034,1462,9625,2243,4856,1047,1468,524,4,12000,0,0,0,0,35.511498,49117,5722,64.02,6.2061,67.553971,93435,11248,78.70,6.0059,2.442867,3379,24629,145.08,0.0992
2026-06-15,1476,324,232,57416,16535,2,6000,2,4000,3960,4000,40,,,,98.445529,136162,42066,2,42540,,101.13,2.3142,98.445529,136162,34024,11098,6398,1501,10378,2358,5240,1083,1376,495,2,6000,0,0,0,0,34.594779,47849,5896,62.95,5.8675,61.708106,85350,11476,75.41,5.3771,2.142644,2964,25168,143.97,0.0851
2026-06-16,1335,175,123,53302,15857,9,33000,3,6000,5210,5400,790,,,,90.873288,125688,38616,1,40282,,104.31,2.2559,90.873288,125688,31300,10586,6072,1459,9711,2255,4666,1092,1553,465,9,33000,0,0,0,0,33.882673,46864,5627,64.69,6.0214,55.198372,76346,10896,77.67,5.0659,1.792243,2479,23759,149.53,0.0754
2026-06-17,1339,242,173,53170,15693,4,14000,6,25000,23510,24000,1490,,,,91.507294,126565,40280,,37767,,93.76,2.4229,91.507294,126565,31000,10431,6249,1451,9593,2243,4688,1081,1640,487,4,14000,0,0,0,0,36.214302,50089,5678,61.37,6.3780,53.630026,74177,10762,74.62,4.9833,1.662966,2300,21327,128.43,0.0780
2026-06-18,1318,164,119,53928,15569,3,11000,2,4400,4130,4400,270,,,,84.778237,117258,39364,,34778,,88.35,2.4377,84.778237,117258,31508,10353,6660,1452,9632,2222,4794,1109,1334,433,3,11000,0,0,0,0,31.924148,44155,5598,62.56,5.7028,51.577711,71338,10652,75.52,4.8421,1.276378,1765,18528,113.59,0.0689
2026-06-19,1190,118,80,49955,14488,11,37000,1,5000,4970,5000,30,,,,63.104891,87281,36140,,33869,,93.72,1.8632,63.104891,87281,28517,9488,5778,1378,9136,2085,5075,1081,1449,456,11,37000,0,0,0,0,22.718996,31423,5383,63.31,4.2205,39.111970,54096,9778,76.14,4.0000,1.273925,1762,18708,126.44,0.0681
2026-06-20,1206,136,84,50962,14607,3,11000,1,1500,990,1000,510,,,,59.561994,82381,35930,,39196,,109.09,1.5196,59.561994,82381,28967,9630,6020,1402,9690,2086,4829,1049,1456,440,3,11000,0,0,0,0,22.363702,30932,5414,65.32,4.1307,35.643533,49299,9987,77.80,3.5690,1.554759,2150,23795,160.72,0.0653
2026-06-21,1240,141,110,51930,14978,6,20000,7,15500,14850,15000,650,,,,65.358224,90398,36329,1,38783,,106.75,1.6852,65.358224,90398,29628,9927,6355,1416,9461,2093,4949,1052,1537,490,6,20000,0,0,0,0,24.517491,33911,5437,64.27,4.5094,39.324219,54390,10256,79.13,3.8343,1.516514,2098,23090,154.87,0.0657
2026-06-22,1228,137,101,51208,14986,7,23000,3,9000,8930,9000,70,,,,70.504806,97516,37033,,37295,,100.71,1.8905,70.504806,97516,29871,9968,6505,1429,9131,2093,4434,1057,1267,439,7,23000,0,0,0,0,25.792877,35675,5426,63.57,4.7536,43.108245,59624,10256,76.71,4.2032,1.603684,2218,21613,142.86,0.0742
2026-06-23,1253,144,108,53111,15394,7,21000,3,9000,8810,9000,190,,,,71.975868,99551,37189,,35267,,94.83,2.0409,71.975868,99551,30776,10178,6433,1490,9621,2190,4783,1077,1498,459,7,21000,0,0,0,0,26.186085,36218,5608,65.09,4.6694,44.487032,61531,10515,78.91,4.2308,1.302751,1802,19144,125.56,0.0681
2026-06-24,1338,227,180,52749,15634,6,20000,4,12500,11580,12000,920,,,,79.321414,109711,39222,,36375,,92.74,2.1807,79.321414,109711,31007,10367,6387,1461,9019,2225,4706,1077,1630,504,6,20000,0,0,0,0,27.499234,38035,5627,63.64,4.8870,50.386662,69691,10736,76.40,4.6932,1.435518,1985,20012,122.57,0.0717
2026-06-25,1720,919,506,71048,17578,2,6000,4,7500,6930,7000,570,,,,141.927130,196302,44999,,47687,,105.97,2.9762,141.927130,196302,47188,11892,6713,1582,10647,2472,4928,1108,1572,524,2,6000,0,0,0,0,36.568791,50579,6128,64.76,5.9675,101.314486,140130,12410,76.49,8.1639,4.043853,5593,29149,150.94,0.1387
2026-06-26,1726,701,477,83791,18089,7,23000,5,14500,14230,14500,270,,,,133.418365,184533,46715,,50527,,108.16,2.6405,133.418365,184533,59289,12133,6748,1651,11071,2616,5039,1131,1644,558,6,20000,0,0,1,3000,36.960972,51121,6420,63.80,5.7572,92.798299,128351,12636,75.38,7.3440,3.659094,5061,31471,158.23,0.1163
2026-06-27,1768,703,457,92418,19004,3,11000,3,6500,5940,6000,560,,,,158.841211,219696,49401,,52837,,106.96,3.0062,158.841211,219696,66085,12678,7439,1773,12020,2796,5252,1173,1622,584,3,11000,0,0,0,0,43.736493,60493,6857,63.88,6.3784,110.747907,153177,13228,75.31,8.3722,4.356811,6026,32752,155.20,0.1330
2026-06-28,1641,294,252,91834,19410,2,8000,10,84500,83430,4500,1070,,,,121.183996,167612,49379,1,48725,,98.68,2.4871,121.183996,167612,63364,12720,8359,1879,12079,2907,6056,1302,1976,602,2,8000,0,0,0,0,43.930890,60762,7176,63.61,6.1219,74.779250,103428,13139,76.04,5.6914,2.473856,3422,28410,136.46,0.0871
2026-06-29,1541,151,139,87384,18311,7,32000,5,37000,36650,7000,350,,,,101.901006,140941,51342,,45314,,88.26,2.2488,101.901006,140941,57163,12180,7310,1662,11170,2645,5575,1299,6166,525,7,32000,0,0,0,0,37.415029,51749,6653,62.10,5.6238,62.517350,86469,12593,72.06,4.9645,1.968627,2723,26068,112.59,0.0755
2026-06-30,1551,152,127,89417,18618,4,12000,3,11000,10890,11000,110,,,,104.095844,143977,54532,,50790,,93.14,2.0495,104.095844,143977,54386,12300,7420,1780,11874,2678,5587,1300,10150,560,4,12000,0,0,0,0,39.351884,54428,6832,65.32,5.7599,62.295424,86162,12729,77.66,4.8940,2.448536,3387,31229,112.81,0.0784
2026-07-01,1771,327,225,95403,19608,7,23000,5,14500,13830,14000,670,,,,115.173714,159299,59343,,53753,,90.58,2.1426,115.173714,159299,56874,13075,7622,1797,12902,2826,5850,1324,12155,586,7,23000,0,0,0,0,36.088497,49915,7124,64.66,5.0658,75.851537,104912,13543,77.27,5.6008,3.233680,4473,33086,107.43,0.0977
2026-07-02,1734,417,268,94795,19603,4,12000,2,3700,3570,3700,130,,,,128.380616,177565,60518,,50791,,83.93,2.5276,128.380616,177565,57028,13050,7913,1811,12605,2841,6003,1319,11246,582,4,12000,0,0,0,0,39.829681,55089,7088,63.05,5.6193,85.234264,117889,13506,76.19,6.3108,3.316671,4587,30197,95.71,0.1098
2026-07-03,1665,342,216,91524,19268,10,43000,2,4500,3960,4000,540,,,,105.447038,145846,59090,,48369,,81.86,2.1801,105.447038,145846,53791,12775,7905,1784,12551,2769,6041,1380,11236,560,10,43000,0,0,0,0,36.444997,50408,7073,64.73,5.1527,66.537809,92030,13074,75.31,5.0893,2.464232,3408,28222,91.62,0.0873
2026-07-04,1570,188,130,84437,18825,3,9000,3,6500,5890,6000,610,,,,98.499944,136237,57435,1,45081,,78.49,2.1850,98.499944,136237,47749,12334,7696,1806,11721,2799,6148,1335,11123,551,3,9000,0,0,0,0,34.919966,48298,6838,62.72,5.1068,61.561752,85147,12514,75.59,4.9194,2.018226,2791,25729,85.83,0.0784
2026-07-05,1548,199,133,85115,18941,6,20000,1,3000,2970,3000,30,,,,96.400791,133334,58107,,52806,,90.88,1.8256,96.400791,133334,47649,12388,7862,1844,12164,2799,5561,1336,11879,574,6,20000,0,0,0,0,37.671862,52105,7148,64.86,5.2703,56.505890,78154,12844,76.66,4.3994,2.223039,3075,32814,108.18,0.0677
2026-07-06,1549,157,110,84576,18945,6,18000,6,11000,9930,10200,1070,,,,87.224247,120641,57684,,50464,,87.48,1.7284,87.224247,120641,47129,12454,8291,1852,11942,2739,5901,1348,11313,552,6,18000,0,0,0,0,30.313726,41927,7010,64.45,4.3244,54.830838,75837,12955,77.56,4.2324,2.079683,2876,30499,101.31,0.0682
2026-07-07,1541,173,132,84079,18942,2,6000,4,7000,5790,6000,1210,,,,97.761838,135216,57135,1,46431,,81.27,2.1055,97.761838,135216,45899,12453,8033,1785,11559,2720,6422,1378,12166,606,2,6000,0,0,0,0,35.964151,49743,6948,64.00,5.1762,59.495145,82289,12860,77.50,4.6264,2.302542,3185,26623,89.69,0.0865
2026-07-08,1575,172,127,87958,19363,7,23000,5,12200,11390,11700,810,,,,95.253165,131746,59151,,45937,1,77.66,2.0736,95.253165,131746,48855,12737,8326,1853,12586,2792,6154,1406,12037,575,7,23000,0,0,0,0,34.970430,48368,7113,63.41,4.9164,58.461111,80859,13190,76.53,4.4322,1.821624,2520,25634,83.50,0.0711
2026-07-09,2042,747,486,114664,22638,7,25000,2,8000,7770,8000,230,,,,154.662249,213916,67243,,56823,,84.50,2.7218,154.662249,213916,72782,15244,8425,2053,13950,3259,6157,1391,13350,691,6,22000,0,0,1,3000,42.600550,58922,7996,65.79,5.3277,109.031835,150804,15907,79.84,6.8543,3.029864,4191,32920,93.61,0.0920
2026-07-10,2420,1792,958,119513,22357,4,14000,7,22000,21830,22000,170,,,,303.999987,420468,79672,,73835,,92.67,4.1173,303.999987,420468,81202,15237,8147,1984,13373,3218,5959,1350,10832,568,4,14000,0,0,0,0,60.296304,83397,8385,64.04,7.1910,234.215329,323947,17608,72.82,13.3016,9.488354,13124,47842,112.83,0.1983
2026-07-11,2387,1296,728,127869,23761,3,9000,8,15000,13860,14000,1140,,,,296.345468,409881,78040,,69922,,89.60,4.2382,296.345468,409881,81258,15710,9943,2294,15641,3567,6445,1486,14582,704,3,9000,0,0,0,0,70.592440,97638,8695,64.23,8.1187,217.152309,300347,16435,72.30,13.2128,8.600719,11896,44792,107.23,0.1920
2026-07-12,2308,1074,576,127523,24495,6,18000,0,0,0,0,0,,,,273.117783,377754,78829,1,68705,,87.16,3.9752,273.117783,377754,81974,16229,10222,2322,15015,3600,7189,1623,13123,721,6,18000,0,0,0,0,75.452698,104360,9043,64.67,8.3438,190.601757,263625,16935,73.91,11.2549,7.063328,9769,42727,101.90,0.1653
2026-07-13,2513,1524,764,140781,27107,4,12000,7,15800,14560,14800,1240,,,,335.421129,463927,83044,,75960,,91.47,4.4158,335.421129,463927,92600,18271,9731,2430,16609,3863,8678,1817,13163,726,4,12000,0,0,0,0,76.541557,105866,9771,68.57,7.8335,244.767361,338542,19087,77.61,12.8238,14.112211,19519,47102,106.56,0.2996
2026-07-14,1867,285,207,138281,27692,4,12000,7,15200,12750,13200,2450,,,,154.123891,213171,70947,1,65696,,92.60,2.3460,154.123891,213171,79976,17960,9064,2098,16200,3631,14000,3042,19041,961,4,12000,0,0,0,0,52.839823,73084,10125,75.42,5.2187,97.575761,134959,18354,78.46,5.3163,3.708307,5129,37217,109.04,0.0996
2026-07-15,1814,141,117,122583,25526,5,17000,5,11100,10730,11100,370,,,,133.686633,184904,68527,,61129,,89.20,2.1870,133.686633,184904,69076,16549,8543,1977,14542,3310,13822,2912,16600,778,5,17000,0,0,0,0,48.987611,67756,9324,69.42,5.2539,81.664861,112952,16934,79.41,4.8225,3.034161,4197,34871,103.26,0.0870
2026-07-16,2211,741,457,125684,26027,8,26000,6,10700,9510,9700,1190,,,,263.243931,364097,72278,,62590,,86.60,4.2058,263.243931,364097,71682,17061,8454,1924,14716,3365,13009,2865,17823,812,8,26000,0,0,0,0,67.642342,93557,9346,68.26,7.2376,184.902929,255742,17478,77.45,10.5792,10.698660,14798,35766,99.29,0.2991
2026-07-17,2343,1021,586,137524,27766,3,9000,4,10500,9920,10000,580,,,,322.327801,445817,76948,,71594,,93.04,4.5022,322.327801,445817,81601,18215,9065,2151,15800,3599,12678,2938,18380,863,3,9000,0,0,0,0,84.747652,117216,9947,70.64,8.5199,224.020651,309847,18709,77.93,11.9740,13.559498,18754,42938,110.49,0.3158
2026-07-18,2276,924,588,137172,27330,6,20000,6,18500,16830,17000,1670,,,,284.491137,393485,78950,,73508,,93.11,3.8702,284.491137,393485,80555,17997,8467,2007,15463,3588,13367,2869,19320,869,6,20000,0,0,0,0,68.850293,95228,9817,67.54,7.0134,204.627307,283024,18564,76.34,11.0228,11.013537,15233,45127,112.55,0.2441
2026-07-19,2379,889,541,146327,29215,10,39000,7,16000,15740,16000,260,,,,312.537750,432276,80286,,74787,,93.15,4.1790,312.537750,432276,84954,19080,9363,2227,16649,3810,15246,3172,20115,926,10,39000,0,0,0,0,77.410612,107068,10574,70.62,7.3208,224.000437,309819,19659,80.07,11.3943,11.126701,15390,44554,109.31,0.2497
2026-07-20,2247,702,423,153128,28150,8,24000,5,23000,22820,23000,180,,,,238.012209,329199,78229,,67003,,85.65,3.5523,238.012209,329199,92345,18161,9834,2205,16473,3708,14176,3170,20300,906,8,24000,0,0,0,0,67.977439,94021,10435,69.94,6.5144,162.428555,224658,18686,78.00,8.6925,7.606215,10520,37882,96.26,0.2008
2026-07-21,2273,671,405,162139,28826,3,9000,4,12000,11800,12000,200,,,,227.960990,315297,79205,,69534,,87.79,3.2784,227.960990,315297,103720,18796,9817,2180,16219,3743,14062,3203,18321,904,3,9000,0,0,0,0,64.359942,89017,10485,69.03,6.1383,155.644828,215275,19348,80.17,8.0445,7.956220,11004,39701,99.54,0.2004
2026-07-22,2248,617,385,163823,29353,14,48000,5,12100,11570,12100,530,,,,221.476953,306329,80718,1,71754,,88.89,3.0866,221.476953,306329,101756,18948,10136,2293,16872,3855,15039,3348,20020,909,14,48000,0,0,0,0,58.431034,80817,10882,69.62,5.3695,156.591307,216584,19492,78.94,8.0336,6.454612,8927,41380,102.44,0.1560
2026-07-23,2156,519,295,159670,28877,11,40000,3,5500,4900,5000,600,,,,185.697476,256841,78450,,70082,,89.33,2.6497,185.697476,256841,97396,18508,9450,2299,16984,3821,15317,3340,20523,909,11,40000,0,0,0,0,51.905301,71791,10786,70.56,4.8123,127.103377,175799,19051,78.89,6.6717,6.688798,9251,40245,103.15,0.1662
2026-07-24,2790,1489,810,187509,31698,16,50000,2,5000,4850,5000,150,,,,248.231433,343333,86701,,83384,,96.17,2.9770,248.231433,343333,124648,21147,9554,2245,17625,4112,15282,3230,20400,964,16,50000,0,0,0,0,60.166039,83217,11053,69.48,5.4434,176.686578,244378,21583,79.28,8.1864,11.378816,15738,50748,116.48,0.2242
2026-07-25,2501,1125,646,176657,30777,5,17000,5,10000,8860,9000,1140,,,,205.469590,284189,86252,,78082,,90.53,2.6315,205.469590,284189,112721,20062,9908,2327,17432,4027,14961,3367,21635,994,5,17000,0,0,0,0,54.337226,75155,11216,69.24,4.8446,144.041907,199227,20555,76.59,7.0076,7.090457,9807,46311,107.16,0.1531
2026-07-26,2562,1005,540,186497,32350,14,50000,5,13500,13040,13500,460,,,,221.800747,306776,87222,,86753,,99.46,2.5567,221.800747,306776,119769,21128,10197,2371,18225,4234,15686,3572,22620,1045,14,50000,0,0,0,0,62.996333,87131,11688,70.12,5.3898,149.990270,207454,21644,80.20,6.9299,8.814144,12191,53421,122.62,0.1650
2026-07-27,2464,781,443,182633,32362,6,20000,14,40000,38650,39000,1350,,,,198.933933,275149,87101,,87651,,100.63,2.2696,198.933933,275149,114709,20990,10436,2415,18456,4237,16732,3701,22300,1019,6,20000,0,0,0,0,59.099898,81742,11876,70.96,4.9764,132.116182,182732,21538,79.89,6.1341,7.717853,10675,54237,124.95,0.1423
2026-07-28,2346,617,342,172508,31028,9,27000,8,23700,22240,22800,1460,,,,204.167348,282387,85167,,82144,,96.45,2.4855,204.167348,282387,108211,20035,10117,2357,17531,4083,15938,3581,20711,972,9,27000,0,0,0,0,59.185575,81861,11447,68.21,5.1704,137.853611,190668,20524,78.80,6.7167,7.128162,9859,50173,118.50,0.1421
2026-07-29,2316,680,383,167527,30457,12,40000,8,14800,13890,14300,910,,,,190.884609,264016,82668,1,77903,,94.24,2.4503,190.884609,264016,101864,19636,9720,2247,17347,4030,16366,3579,22230,965,11,37000,0,0,1,3000,52.542425,72672,11260,70.02,4.6663,132.398348,183122,20175,79.03,6.5625,5.943836,8221,46468,113.18,0.1279
2026-07-30,2362,667,377,172922,31551,15,49000,8,15000,12840,13000,2160,,,,195.215215,270006,83675,,77884,,93.08,2.5065,195.215215,270006,104403,20405,10140,2331,18102,4096,16614,3666,23663,1053,15,49000,0,0,0,0,57.450584,79461,11613,70.15,4.9471,131.251762,181537,20884,81.01,6.2848,6.512869,9008,45387,109.78,0.1435
2026-07-31,2138,560,319,158161,29145,19,61000,6,14100,13670,14100,430,,,,169.784195,234831,80308,,67273,,83.77,2.5238,169.784195,234831,94456,18683,9997,2213,17154,3824,15364,3496,21190,929,19,61000,0,0,0,0,49.205100,68056,10902,68.05,4.5134,115.895579,160297,19128,77.56,6.0589,4.683516,6478,37243,93.98,0.1258
2026-08-01,1966,40,37,157223,29852,9,27000,16,41500,39660,40100,1840,,,,106.162141,146835,75488,,62998,,83.45,1.6852,106.162141,146835,90767,19058,9683,2291,16812,3853,16806,3646,23155,1004,9,27000,0,0,0,0,40.755808,56370,11192,71.90,3.6415,63.550010,87897,19522,83.60,3.2553,1.856323,2568,32284,88.28,0.0575
2026-08-02,1914,28,25,150939,29025,12,38000,11,27100,25120,25600,1980,,,,112.629509,155780,75792,,61863,,81.62,1.8206,112.629509,155780,86639,18419,9565,2215,17229,3865,15796,3576,21710,950,12,38000,0,0,0,0,42.627602,58959,11016,69.28,3.8696,68.362805,94554,18887,81.93,3.6196,1.639102,2267,31960,86.76,0.0513
2026-08-03,2036,131,111,162524,30664,13,41000,12,34300,33390,33800,910,,,,258.523625,357569,78673,1,78112,,99.29,3.3097,258.523625,357569,94612,19349,10504,2438,17221,4041,16867,3788,23320,1048,13,41000,0,0,0,0,60.327447,83440,11769,71.35,5.1260,100.941603,139614,19697,82.80,5.1247,97.254575,134515,46646,121.51,2.0849
2026-08-04,2015,156,110,158594,30403,19,81000,18,68000,65130,66000,2870,,,,386.536421,534625,79088,1,80075,,101.25,4.8272,386.536421,534625,94330,19365,9575,2309,16757,4017,16622,3747,21310,965,2,6000,17,75000,0,0,99.864694,138125,11465,68.89,8.7104,121.724249,168359,19530,81.06,6.2327,164.947478,228142,49080,127.97,3.3608
2026-08-05,2029,182,122,162850,30717,12,43000,9,21500,20660,21000,840,,,,592.534441,819545,79592,1,75731,,95.15,7.8242,592.534441,819545,95543,19454,10334,2332,17994,4094,16918,3862,22061,975,12,43000,0,0,0,0,125.826157,174032,11826,70.46,10.6398,201.681861,278950,19667,81.34,10.2548,265.026423,366563,44238,114.51,5.9909
2026-08-06,2055,190,136,166578,31253,11,35000,9,27000,25170,25500,1830,,,,630.315338,871800,78573,,77711,,98.90,8.1110,630.315338,871800,98180,20028,10356,2362,17981,4119,16421,3711,23640,1033,11,35000,0,0,0,0,127.666597,176578,11842,71.93,10.7808,218.242569,301855,20250,83.58,10.7774,284.406172,393367,45619,120.43,6.2344
2026-08-07,1995,133,92,160879,29921,16,55000,10,22400,21180,21900,1220,,,,589.335927,815121,77863,,74863,,96.15,7.8722,589.335927,815121,94133,18970,10334,2324,17696,3936,16523,3733,22193,958,16,55000,0,0,0,0,122.351957,169227,11469,69.56,10.6681,199.723820,276242,19186,80.69,10.4099,267.260150,369652,44208,117.58,6.0455
2026-08-08,2031,172,126,163657,30641,21,69000,18,53300,51130,51800,2170,,,,616.410780,852569,79166,,78425,,99.06,7.8599,616.410780,852569,96067,19462,9684,2347,17440,4017,17286,3822,23180,993,21,69000,0,0,0,0,128.022885,177071,11751,69.88,10.8946,212.153310,293433,19708,81.83,10.7648,276.234585,382065,46966,122.73,5.8816
2026-08-09,2085,173,122,174403,32450,20,68000,16,31100,27100,28000,4000,,,,623.840958,862845,81102,1,78933,,97.33,7.9034,623.840958,862845,101521,20493,11132,2509,19836,4359,18274,4039,23640,1050,20,68000,0,0,0,0,132.749975,183609,12577,72.90,10.5550,221.956241,306992,20720,84.77,10.7122,269.134742,372245,45636,115.81,5.8974
2026-08-10,2081,176,116,163557,30838,20,77000,16,37300,32990,30800,4310,,,,567.500097,784919,80443,,75173,,93.45,7.5493,567.500097,784919,95753,19674,10253,2319,17150,4000,16876,3827,23525,1018,20,77000,0,0,0,0,121.416520,167933,11696,68.86,10.3810,211.900770,293084,19897,80.62,10.6499,234.182807,323902,43580,112.38,5.3736
2026-08-11,6371,9356,3465,335059,49546,16,54000,7,18500,17670,18000,830,,,,1419.613127,1963492,141192,,157930,,111.85,8.9889,1419.613127,1963492,252319,35283,12426,2826,26355,5807,19079,4301,24880,1329,16,54000,0,0,0,0,193.175014,267184,15496,73.45,12.4661,565.436076,782065,34247,70.90,16.5105,661.002037,914243,108187,150.69,6.1098
2026-08-12,4067,6656,2319,268511,42635,18,65000,14,33400,31450,31900,1950,,,,1107.097494,1531246,135501,,124713,,92.04,8.8772,1107.097494,1531246,186137,28584,12641,2882,23910,5462,20312,4484,25511,1223,18,65000,0,0,0,0,189.100398,261548,15298,68.62,12.3611,413.351365,571714,28466,63.24,14.5209,504.645731,697984,80949,118.70,6.2341
2026-08-13,2603,208,190,213540,36683,21,67000,12,25000,23140,23500,1860,,,,681.331262,942361,100059,,96175,,96.12,7.0843,681.331262,942361,134326,23488,11552,2739,21467,4929,19635,4334,26560,1193,21,67000,0,0,0,0,152.651598,211135,14194,69.47,10.7547,252.160422,348767,23776,76.77,10.6057,276.519242,382459,58205,119.63,4.7508
2026-08-14,2386,130,102,201851,35810,13,41000,14,31800,29830,30300,1970,,,,656.991999,908697,93808,1,92045,,98.12,7.1377,656.991999,908697,124032,22673,12322,2765,20909,4843,19545,4406,25043,1123,13,41000,0,0,0,0,144.068607,199264,13793,70.68,10.4451,238.044647,329244,22925,79.45,10.3836,274.878745,380190,55327,121.76,4.9683
2026-08-15,2369,145,120,197619,35680,18,56000,6,15500,14870,15000,630,,,,650.090194,899151,92730,,91820,,99.02,7.0801,650.090194,899151,118243,22616,11820,2714,20186,4745,20020,4424,27350,1181,18,56000,0,0,0,0,141.771544,196087,13746,70.00,10.3137,234.570969,324439,22812,81.18,10.2828,273.747681,378625,55262,122.83,4.9536
2026-08-16,2406,151,107,195160,36199,21,67000,16,43300,41900,42800,1400,,,,611.737198,846104,95281,,91771,,96.32,6.6659,611.737198,846104,114750,22874,12068,2811,21418,4911,19774,4410,27150,1193,21,67000,0,0,0,0,141.333175,195480,14045,70.10,10.0629,234.380321,324176,23130,79.60,10.1332,236.023702,326449,54596,118.21,4.3231
2026-08-17,2393,152,109,196402,36778,27,83000,11,28500,27370,28000,1130,,,,612.818427,847600,95143,,93091,,97.84,6.5830,612.818427,847600,113023,23215,12551,2846,22375,4916,21358,4634,27095,1167,27,83000,0,0,0,0,147.622744,204180,14314,71.49,10.3132,241.072836,333432,23491,81.44,10.2623,224.122847,309988,55286,119.47,4.0539
2026-08-18,2371,138,95,193758,36878,18,60000,13,25100,22690,23300,2410,,,,601.489087,831930,93815,,93751,,99.93,6.4158,601.489087,831930,111962,23236,12160,2847,21322,4944,20574,4634,27740,1217,18,60000,0,0,0,0,146.014344,201955,14551,72.79,10.0347,238.101815,329323,23549,82.42,10.1109,217.372928,300652,55651,122.98,3.9060
2026-08-19,,,,0,0,0,0,0,0,0,0,0,,,,589.554852,815424,92785,,89271,,96.21,6.6041,589.554852,815424,0,0,0,0,0,0,0,0,0,0,0,0,0,0,0,0,143.969617,199127,14282,71.78,10.0805,233.500775,322959,23265,82.52,10.0366,212.084460,293338,51724,115.72,4.1003
2026-08-20,,,,0,0,0,0,0,0,0,0,0,,,,629.773951,871051,92829,,89517,,96.43,7.0352,629.773951,871051,0,0,0,0,0,0,0,0,0,0,0,0,0,0,0,0,147.997638,204698,14003,70.62,10.5690,236.120819,326583,22678,80.13,10.4119,245.655494,339770,52836,118.20,4.6494
2026-08-21,,,,0,0,0,0,0,0,0,0,0,,,,601.110287,831406,91434,,87138,,95.30,6.8984,601.110287,831406,0,0,0,0,0,0,0,0,0,0,0,0,0,0,0,0,148.285514,205096,13852,70.75,10.7050,233.083859,322382,22013,78.89,10.5885,219.740914,303928,51273,116.66,4.2857
2026-08-22,,,,0,0,0,0,0,0,0,0,0,,,,596.112174,824493,92405,,90346,,97.77,6.5981,596.112174,824493,0,0,0,0,0,0,0,0,0,0,0,0,0,0,0,0,146.920938,203209,14150,71.14,10.3831,228.502713,316046,22675,81.18,10.0773,220.688523,305238,53521,120.05,4.1234
2026-08-23,,,,0,0,0,0,0,0,0,0,0,,,,603.100081,834158,93079,,90535,,97.27,6.6615,603.100081,834158,0,0,0,0,0,0,0,0,0,0,0,0,0,0,0,0,149.821625,207221,14205,70.91,10.5471,246.096675,340381,23341,83.73,10.5435,207.181781,286557,52989,117.31,3.9099
2026-08-24,2485,119,97,194574,36871,23,79000,14,35000,33260,34000,1740,,,,638.713428,883416,94998,,94688,,99.67,6.7455,638.713428,883416,110572,23047,12938,2975,21840,4937,21574,4718,27650,1194,23,79000,0,0,0,0,153.516837,212332,14243,70.03,10.7784,240.214006,332244,23158,81.06,10.3728,244.982585,338840,57287,124.29,4.2764
2026-08-25,2428,115,78,187751,35883,36,118000,15,34300,31410,32300,2890,,,,598.786804,828193,91638,,91342,,99.68,6.5554,598.786804,828193,107333,22509,12351,2841,20981,4823,20146,4580,26940,1130,36,118000,0,0,0,0,144.687441,200120,14114,72.07,10.2513,236.271097,326791,23088,83.52,10.2335,217.828266,301282,54140,121.91,4.0234
